0.862698
1.863061
2.863764
3.877664
8.024898
9.031156
10.033628
11.035986
12.038934
13.046689
14.051882
15.065147
16.076961
17.089977
18.051610
19.057551
20.284059
21.295941
22.300862
23.304036
24.316599
25.317642
26.320181
27.333220
28.347052
29.354127
30.363311
31.368866
40.838503
41.850975
42.854989
43.866689
44.873401
45.878730
46.890612
47.904195
48.915964
49.924490
50.937732
51.947483
52.916848
53.918957
54.919478
55.919887
56.927143
57.938231
58.948798
59.952336
60.956508
61.961973
62.975601
63.979909
64.987143
65.995193
72.107755
73.121769
74.136757
75.145215
76.148027
77.159025
78.168526
79.182494
80.198753
81.201678
82.216304
83.216644
84.229206
85.229592
86.499501
87.502268
88.513515
89.522404
90.526054
91.527551
92.539796
93.547937
94.553039
95.564535
96.574218
97.574649
98.584762
